0 0.4369817578772803 0.312807881773399 0.028192371475953566 0.3807178043631246
0 0.4821724709784411 0.3771991555242787 0.012437810945273632 0.14215341308937368
0 0.5543117744610282 0.38705137227304715 0.009950248756218905 0.10133708655876143
0 0.5029021558872305 0.3740323715693174 0.005804311774461028 0.04574243490499648
0 0.5128524046434494 0.37227304714989445 0.007462686567164179 0.05348346235045742
0 0.4148009950248756 0.42892329345531316 0.012023217247097845 0.11611541168191415
0 0.16272802653399668 0.2438423645320197 0.031923714759535655 0.21745249824067558
0 0.0845771144278607 0.2139338494018297 0.02736318407960199 0.13230119634060522
0 0.7325870646766169 0.47748064743138635 0.03067993366500829 0.2498240675580577
0 0.6123548922056384 0.4644616467276566 0.02321724709784411 0.16748768472906403
0 0.6805555555555556 0.4711470795214638 0.0203150912106136 0.10485573539760731
0 0.30223880597014924 0.3472906403940887 0.022388059701492536 0.1921182266009852
