0 0.6357794361525705 0.43455313159746656 0.035240464344941956 0.2765657987332864
0 0.728441127694859 0.5214637579169599 0.02570480928689884 0.25052779732582686
0 0.8845356550580431 0.5249824067558058 0.045190713101160865 0.6798029556650246
0 0.46372305140961856 0.2860661505981703 0.016998341625207296 0.23011963406052077
0 0.49087893864013266 0.2923997185080929 0.008291873963515755 0.08937368050668543
0 0.5024875621890548 0.31210415200562985 0.006633499170812604 0.06263194933145672
0 0.5524461028192371 0.3282899366643209 0.01616915422885572 0.12596762843068263
0 0.3521973466003317 0.3589021815622801 0.022802653399668325 0.29697396199859255
0 0.13743781094527363 0.3437719915552428 0.134742951907131 0.5158339197748065
0 0.3076285240464345 0.39901477832512317 0.019071310116086235 0.13511611541168192
