0 0.21413764510779437 0.18437719915552428 0.011194029850746268 0.07600281491907107
0 0.2433665008291874 0.17382125263898662 0.006633499170812604 0.06896551724137931
0 0.25207296849087896 0.1685432793807178 0.008291873963515755 0.06685432793807178
0 0.15630182421227198 0.17945109078114005 0.011608623548922056 0.08304011259676285
0 0.39241293532338306 0.2997888810696692 0.03109452736318408 0.38142153413089375
0 0.5002072968490879 0.3912737508796622 0.019485903814262025 0.20408163265306123
0 0.5400082918739635 0.36277269528501055 0.019485903814262025 0.21604503870513722
0 0.576077943615257 0.4187192118226601 0.012023217247097845 0.09852216748768473
1 0.6013681592039801 0.4394792399718508 0.027777777777777776 0.04152005629838142
1 0.6919568822553898 0.4609429978888107 0.04477611940298507 0.07459535538353272
0 0.703150912106136 0.2258972554539057 0.02570480928689884 0.22519352568613651
