0 0.10302653399668325 0.2730471498944405 0.074212271973466 0.41379310344827586
0 0.16376451077943616 0.2997888810696692 0.024875621890547265 0.282899366643209
0 0.2630597014925373 0.3092892329345531 0.0236318407960199 0.19493314567206194
0 0.37914593698175786 0.2857142857142857 0.018656716417910446 0.21252638986629135
0 0.31156716417910446 0.36980999296270234 0.007877280265339967 0.05137227304714989
0 0.41086235489220563 0.3381421534130894 0.014096185737976783 0.0964109781843772
0 0.45854063018242125 0.2871217452498241 0.04643449419568822 0.3391977480647431
0 0.5049751243781094 0.30260380014074595 0.020729684908789386 0.1294862772695285
0 0.6556799336650083 0.20971147079521463 0.03109452736318408 0.28430682617874736
0 0.574212271973466 0.33849401829697395 0.008291873963515755 0.04081632653061224
