0 0.7048092868988391 0.33884588318085856 0.03067993366500829 0.3286418015482055
0 0.48134328358208955 0.32019704433497537 0.022388059701492536 0.19704433497536947
0 0.4259950248756219 0.27234342012667134 0.01782752902155887 0.20408163265306123
0 0.5949419568822554 0.3740323715693174 0.01824212271973466 0.12456016889514426
0 0.7844112769485904 0.42646023926812104 0.01824212271973466 0.14919071076706544
0 0.810737976782753 0.4159042927515834 0.008706467661691543 0.0633356790992259
0 0.8240049751243781 0.4257565095003519 0.007877280265339967 0.059113300492610835
0 0.8735489220563848 0.4549612948627727 0.011608623548922056 0.08092892329345532
0 0.945273631840796 0.41625615763546797 0.00912106135986733 0.18789584799437017
0 0.925787728026534 0.43596059113300495 0.015754560530679935 0.10204081632653061
