0 0.5180348258706468 0.4099225897255454 0.01782752902155887 0.27375087966220973
0 0.4798922056384743 0.4366643209007741 0.019485903814262025 0.15552427867698804
0 0.1762023217247098 0.21428571428571427 0.02570480928689884 0.2413793103448276
0 0.12354892205638475 0.16291344123856438 0.029850746268656716 0.22448979591836735
0 0.3580016583747927 0.366643209007741 0.018656716417910446 0.2547501759324419
0 0.4015339966832504 0.3064743138634764 0.07587064676616916 0.4637579169598874
0 0.6223051409618574 0.31175228712174524 0.02321724709784411 0.2378606615059817
0 0.6513266998341625 0.3402533427163969 0.007462686567164179 0.09781843771991555
0 0.6637645107794361 0.3497536945812808 0.009950248756218905 0.07178043631245602
0 0.7157960199004975 0.362420830401126 0.012023217247097845 0.13793103448275862
0 0.7943615257048093 0.46023926812104154 0.03233830845771144 0.2983814215341309
0 0.892620232172471 0.525686136523575 0.03150912106135987 0.26460239268121044
