0 0.6080016583747927 0.40816326530612246 0.026119402985074626 0.27023223082336384
0 0.7133084577114428 0.43912737508796623 0.01451077943615257 0.18296973961998592
0 0.7448175787728026 0.43103448275862066 0.016998341625207296 0.1893033075299085
0 0.910240464344942 0.3335679099225897 0.02197346600331675 0.15482054890921887
0 0.1618988391376451 0.35819845179451093 0.010364842454394693 0.08866995073891626
0 0.20522388059701493 0.24560168895144266 0.015754560530679935 0.14496833216045038
0 0.388681592039801 0.2413793103448276 0.010364842454394693 0.09289232934553132
0 0.32276119402985076 0.23997185080928923 0.012023217247097845 0.07881773399014778
0 0.43470149253731344 0.25791695988740326 0.010364842454394693 0.06544686840253343
0 0.4595771144278607 0.25052779732582686 0.00538971807628524 0.057705840957072485
0 0.46828358208955223 0.24524982406755805 0.007877280265339967 0.061224489795918366
1 0.8082504145936982 0.49929627023223083 0.02529021558872305 0.04433497536945813
1 0.886608623548922 0.5052779732582688 0.036898839137645106 0.0633356790992259
