0 0.46475953565505806 0.3884588318085855 0.02736318407960199 0.24630541871921183
0 0.5661276948590381 0.3993666432090077 0.01616915422885572 0.1893033075299085
0 0.6021973466003316 0.4127375087966221 0.018656716417910446 0.1625615763546798
0 0.6372305140961857 0.4408866995073892 0.007462686567164179 0.07670654468684025
0 0.7580845771144279 0.29697396199859255 0.01782752902155887 0.13230119634060522
0 0.31985903814262023 0.1988036593947924 0.009535655058043118 0.06403940886699508
0 0.31094527363184077 0.2044334975369458 0.006633499170812604 0.059817030260380016
0 0.2833747927031509 0.21498944405348347 0.008706467661691543 0.061224489795918366
0 0.23051409618573798 0.20865587614356088 0.00912106135986733 0.06966924700914849
0 0.1587893864013267 0.20337790288529206 0.011608623548922056 0.07178043631245602
1 0.7477197346600332 0.46938775510204084 0.035240464344941956 0.06896551724137931
1 0.6652155887230514 0.46481351161154116 0.030265339966832505 0.04574243490499648
